1 4
2 4
3 4
4 4
5 4
6 4
7 4
8 4
9 4
10 4
11 4
12 4
13 4
14 4
15 4
16 4
17 4
18 4
19 4
20 4
21 4
22 4
23 4
24 4
25 4
26 4
27 4
28 4
29 4
30 4
31 4
32 4
33 4
34 4
35 4
36 4
37 4
38 4
39 4
40 4
41 4
42 4
43 4
44 4
45 4
46 4
47 4
48 4
49 4
50 4
51 4
52 4
53 4
54 4
55 4
56 4
57 4
58 4
59 4
60 4
61 4
62 4
63 4
64 4
65 4
66 4
67 4
68 4
69 4
70 4
71 4
72 4
73 4
74 4
75 4
76 4
77 4
78 4
79 4
80 4
81 4
82 4
83 4
84 4
85 4
86 4
87 4
88 4
89 4
90 4
91 4
92 4
93 4
94 4
95 4
96 4
97 4
98 4
99 4
100 4
101 4
102 4
103 4
104 4
105 4
106 4
107 4
108 4
109 4
110 4
111 4
112 4
113 4
114 4
115 4
116 4
117 4
118 4
119 4
120 4
121 4
122 4
123 4
124 4
125 4
126 4
127 4
128 4
129 4
130 4
131 4
132 4
133 4
134 4
135 4
136 4
137 4
138 4
139 4
140 4
141 4
142 4
143 4
144 4
145 4
146 4
147 4
148 4
149 4
150 4
151 4
152 4
153 4
154 4
155 4
156 4
157 4
158 4
159 4
160 4
161 4
162 4
163 4
164 4
165 4
166 4
167 4
168 4
169 4
170 4
171 4
172 4
173 4
174 4
175 4
176 4
177 4
178 4
179 4
180 4
181 4
182 4
183 4
184 4
185 4
186 4
187 0
188 4
189 4
190 4
191 4
192 4
193 4
194 4
195 0
196 4
197 0
198 0
199 0
200 4
201 4
202 0
203 4
204 4
205 4
206 0
207 4
208 4
209 4
210 0
211 0
212 4
213 4
214 4
215 4
216 4
217 4
218 0
219 4
220 4
221 0
222 0
223 4
224 4
225 4
226 1
227 4
228 0
229 4
230 0
231 4
232 0
233 0
234 0
235 0
236 0
237 4
238 4
239 0
240 4
241 0
242 4
243 0
244 4
245 4
246 4
247 4
248 0
249 0
250 0
251 4
252 0
253 4
254 4
255 4
256 4
257 4
258 4
259 0
260 0
261 4
262 0
263 4
264 4
265 4
266 0
267 0
268 0
269 4
270 4
271 0
272 4
273 0
274 4
275 0
276 0
277 4
278 4
279 0
280 0
281 4
282 0
283 4
284 4
285 0
286 0
287 0
288 1
289 4
290 4
291 4
292 4
293 4
294 0
295 4
296 1
297 0
298 1
299 4
300 1
301 0
302 1
303 4
304 1
305 4
306 4
307 1
308 0
309 4
310 4
311 1
312 0
313 0
314 0
315 4
316 4
317 0
318 1
319 4
320 4
321 0
322 4
323 4
324 4
325 4
326 1
327 0
328 1
329 4
330 0
331 0
332 4
333 4
334 0
335 4
336 0
337 1
338 4
339 1
340 1
341 4
342 1
343 0
344 0
345 0
346 1
347 1
348 4
349 4
350 0
351 4
352 0
353 4
354 4
355 0
356 0
357 4
358 4
359 4
360 0
361 4
362 1
363 4
364 4
365 1
366 4
367 0
368 4
369 4
370 1
371 4
372 4
373 4
374 4
375 4
376 4
377 4
378 4
379 1
380 1
381 4
382 4
383 4
384 4
385 0
386 0
387 4
388 0
389 4
390 1
391 4
392 0
393 0
394 0
395 0
396 4
397 0
398 4
399 0
400 0
401 1
402 0
403 0
404 0
405 4
406 0
407 4
408 0
409 0
410 4
411 0
412 4
413 4
414 4
415 4
416 4
417 0
418 0
419 4
420 1
421 1
422 4
423 4
424 0
425 4
426 1
427 4
428 4
429 1
430 1
431 1
432 1
433 1
434 4
435 0
436 4
437 0
438 1
439 1
440 0
441 1
442 4
443 4
444 0
445 4
446 1
447 4
448 4
449 1
450 1
451 4
452 1
453 0
454 1
455 1
456 0
457 1
458 1
459 1
460 4
461 4
462 4
463 0
464 0
465 1
466 4
467 1
468 1
469 1
470 4
471 1
472 1
473 0
474 0
475 4
476 0
477 1
478 0
479 1
480 4
481 1
482 0
483 1
484 1
485 1
486 4
487 1
488 4
489 1
490 1
491 0
492 1
493 4
494 4
495 4
496 1
497 1
498 0
499 0
500 1
501 0
502 4
503 1
504 4
505 1
506 4
507 0
508 0
509 0
510 1
511 4
512 4
513 0
514 0
515 0
516 4
517 4
518 4
519 0
520 0
521 0
522 1
523 1
524 1
525 0
526 0
527 0
528 4
529 0
530 0
531 0
532 4
533 4
534 4
535 1
536 4
537 4
538 1
539 0
540 4
541 4
542 1
543 4
544 1
545 4
546 4
547 0
548 0
549 4
550 1
551 0
552 1
553 0
554 1
555 4
556 0
557 1
558 4
559 1
560 1
561 4
562 1
563 0
564 0
565 4
566 0
567 4
568 4
569 1
570 4
571 0
572 4
573 4
574 0
575 1
576 4
577 1
578 4
579 4
580 1
581 4
582 1
583 4
584 0
585 4
586 0
587 1
588 1
589 4
590 4
591 1
592 1
593 0
594 4
595 1
596 0
597 4
598 4
599 4
600 4
601 4
602 0
603 0
604 4
605 0
606 4
607 0
608 4
609 1
610 0
611 0
612 1
613 0
614 4
615 1
616 4
617 1
618 1
619 4
620 1
621 4
622 1
623 4
624 0
625 1
626 4
627 4
628 0
629 4
630 1
631 0
632 4
633 4
634 4
635 4
636 0
637 4
638 1
639 0
640 4
641 1
642 1
643 0
644 1
645 0
646 0
647 0
648 1
649 4
650 1
651 1
652 4
653 4
654 4
655 0
656 4
657 4
658 0
659 4
660 4
661 4
662 1
663 4
664 0
665 4
666 0
667 0
668 0
669 1
670 0
671 1
672 0
673 1
674 1
675 4
676 0
677 1
678 0
679 1
680 1
681 1
682 4
683 1
684 1
685 0
686 0
687 0
688 1
689 4
690 1
691 4
692 4
693 4
694 0
695 4
696 1
697 0
698 4
699 0
700 1
701 4
702 4
703 4
704 4
705 4
706 4
707 0
708 0
709 0
710 4
711 0
712 1
713 4
714 4
715 1
716 1
717 1
718 1
719 1
720 0
721 0
722 4
723 1
724 4
725 1
726 1
727 4
728 1
729 1
730 4
731 1
732 4
733 4
734 1
735 0
736 4
737 1
738 1
739 4
740 1
741 1
742 4
743 1
744 0
745 1
746 4
747 1
748 0
749 4
750 1
751 4
752 4
753 1
754 4
755 1
756 4
757 4
758 4
759 1
760 4
761 4
762 4
763 4
764 1
765 1
766 4
767 4
768 4
769 4
770 4
771 0
772 1
773 4
774 4
775 4
776 1
777 4
778 0
779 4
780 1
781 0
782 4
783 4
784 4
785 4
786 4
787 1
788 4
789 1
790 4
791 0
792 4
793 4
794 4
795 4
796 4
797 4
798 0
799 4
800 4
801 2
802 4
803 4
804 1
805 0
806 0
807 4
808 4
809 4
810 4
811 0
812 4
813 0
814 4
815 4
816 4
817 4
818 0
819 4
820 4
821 4
822 0
823 0
824 4
825 1
826 4
827 4
828 4
829 4
830 0
831 4
832 4
833 1
834 4
835 4
836 4
837 4
838 4
839 1
840 4
841 4
842 4
843 4
844 4
845 4
846 0
847 4
848 1
849 1
850 1
851 1
852 4
853 4
854 4
855 4
856 4
857 0
858 1
859 1
860 4
861 4
862 4
863 0
864 1
865 0
866 1
867 0
868 1
869 4
870 4
871 4
872 4
873 4
874 4
875 4
876 4
877 4
878 0
879 4
880 4
881 0
882 4
883 1
884 4
885 4
886 1
887 4
888 4
889 4
890 4
891 4
892 4
893 0
894 4
895 0
896 4
897 4
898 4
899 4
900 0
901 4
902 4
903 0
904 0
905 1
906 4
907 4
908 4
909 4
910 4
911 4
912 4
913 4
914 4
915 4
916 4
917 4
918 4
919 4
920 4
921 4
922 4
923 4
924 4
925 1
926 0
927 0
928 4
929 4
930 4
931 4
932 4
933 4
934 0
935 0
936 0
937 4
938 1
939 4
940 1
941 4
942 4
943 4
944 1
945 4
946 4
947 0
948 4
949 4
950 4
951 0
952 4
953 4
954 4
955 1
956 4
957 4
958 1
959 1
960 0
961 0
962 0
963 0
964 4
965 4
966 4
967 0
968 4
969 1
970 4
971 0
972 1
973 1
974 1
975 4
976 4
977 4
978 1
979 4
980 4
981 4
982 4
983 4
984 0
985 4
986 1
987 4
988 4
989 1
990 0
991 4
992 4
993 4
994 4
995 4
996 4
997 4
998 1
999 1
1000 0
1001 0
1002 4
1003 4
1004 0
1005 4
1006 4
1007 1
1008 4
1009 4
1010 4
1011 4
1012 4
1013 4
1014 0
1015 1
1016 4
1017 4
1018 4
1019 0
1020 4
1021 4
1022 4
1023 0
1024 4
1025 4
1026 0
1027 4
1028 4
1029 4
1030 0
1031 4
1032 1
1033 4
1034 0
1035 4
1036 4
1037 0
1038 0
1039 4
1040 4
1041 4
1042 4
1043 1
1044 0
1045 0
1046 0
1047 4
1048 0
1049 4
1050 4
1051 4
1052 4
1053 4
1054 4
1055 1
1056 0
1057 4
1058 4
1059 0
1060 4
1061 4
1062 0
1063 1
1064 0
1065 0
1066 4
1067 0
1068 1
1069 1
1070 4
1071 1
1072 1
1073 4
1074 1
1075 1
1076 4
1077 0
1078 0
1079 4
1080 4
1081 4
1082 1
1083 0
1084 4
1085 4
1086 0
1087 4
1088 4
1089 4
1090 1
1091 0
1092 4
1093 4
1094 4
1095 4
1096 4
1097 0
1098 4
1099 4
1100 4
1101 1
1102 4
1103 1
1104 4
1105 4
1106 4
1107 4
1108 4
1109 1
1110 0
1111 4
1112 4
1113 4
1114 4
1115 0
1116 4
1117 4
1118 4
1119 0
1120 0
1121 4
1122 4
1123 4
1124 0
1125 4
1126 4
1127 4
1128 4
1129 4
1130 1
1131 0
1132 4
1133 4
1134 4
1135 4
1136 4
1137 4
1138 4
1139 1
1140 0
1141 4
1142 4
1143 4
1144 4
1145 0
1146 4
1147 0
1148 0
1149 1
1150 4
1151 4
1152 4
1153 4
1154 1
1155 4
1156 1
1157 4
1158 4
1159 0
1160 0
1161 4
1162 0
1163 4
1164 1
1165 1
1166 4
1167 1
1168 1
1169 4
1170 4
1171 4
1172 4
1173 4
1174 1
1175 4
1176 4
1177 4
1178 1
1179 4
1180 4
1181 0
1182 1
1183 4
1184 4
1185 4
1186 4
1187 4
1188 4
1189 4
1190 0
1191 4
1192 4
1193 4
1194 4
1195 2
1196 2
1197 4
1198 4
1199 1
1200 4
1201 4
1202 4
1203 4
1204 4
1205 1
1206 2
1207 4
1208 1
1209 4
1210 4
1211 4
1212 2
1213 1
1214 4
1215 4
1216 4
1217 4
1218 4
1219 4
1220 0
1221 4
1222 4
1223 4
1224 4
1225 4
1226 4
1227 4
1228 0
1229 4
1230 0
1231 1
1232 4
1233 4
1234 4
1235 4
1236 4
1237 4
1238 4
1239 0
1240 2
1241 4
1242 4
1243 4
1244 4
1245 4
1246 4
1247 2
1248 4
1249 4
1250 2
1251 1
1252 0
1253 4
1254 4
1255 2
1256 0
1257 4
1258 4
1259 4
1260 0
1261 4
1262 4
1263 4
1264 4
1265 4
1266 4
1267 4
1268 0
1269 4
1270 1
1271 2
1272 2
1273 4
1274 4
1275 4
1276 1
1277 2
1278 2
1279 4
1280 2
1281 2
1282 0
1283 4
1284 4
1285 4
1286 4
1287 4
1288 1
1289 1
1290 4
1291 4
1292 4
1293 4
1294 4
1295 4
1296 4
1297 4
1298 2
1299 4
1300 2
1301 4
1302 2
1303 4
1304 4
1305 4
1306 4
1307 4
1308 4
1309 4
1310 2
1311 2
1312 2
1313 4
1314 4
1315 2
1316 2
1317 4
1318 4
1319 4
1320 4
1321 2
1322 4
1323 1
1324 4
1325 4
1326 4
1327 4
1328 4
1329 2
1330 4
1331 4
1332 2
1333 1
1334 4
1335 4
1336 4
1337 4
1338 2
1339 4
1340 2
1341 2
1342 4
1343 2
1344 2
1345 2
1346 4
1347 4
1348 2
1349 2
1350 2
1351 4
1352 4
1353 2
1354 2
1355 4
1356 2
1357 2
1358 4
1359 2
1360 2
1361 4
1362 2
1363 2
1364 2
1365 1
1366 2
1367 2
1368 2
1369 4
1370 0
1371 4
1372 2
1373 4
1374 2
1375 4
1376 4
1377 2
1378 1
1379 2
1380 4
1381 2
1382 2
1383 4
1384 2
1385 4
1386 4
1387 4
1388 4
1389 4
1390 4
1391 4
1392 4
1393 4
1394 0
1395 4
1396 4
1397 4
1398 4
1399 1
1400 4
1401 4
1402 4
1403 4
1404 4
1405 4
1406 0
1407 4
1408 1
1409 1
1410 4
1411 4
1412 1
1413 4
1414 4
1415 4
1416 4
1417 4
1418 0
1419 4
1420 4
1421 4
1422 4
1423 4
1424 4
1425 4
1426 4
1427 1
1428 4
1429 4
1430 4
1431 4
1432 4
1433 4
1434 4
1435 4
1436 4
1437 4
1438 0
1439 4
1440 4
1441 4
1442 4
1443 0
1444 4
1445 4
1446 4
1447 4
1448 4
1449 4
1450 4
1451 4
1452 4
1453 4
1454 4
1455 4
1456 4
1457 4
1458 4
1459 4
1460 4
1461 4
1462 4
1463 4
1464 4
1465 4
1466 4
1467 4
1468 4
1469 4
1470 4
1471 4
1472 4
1473 4
1474 4
1475 4
1476 4
1477 4
1478 4
1479 4
1480 4
1481 4
1482 4
1483 4
1484 4
1485 4
1486 4
1487 4
1488 4
1489 4
1490 4
1491 4
1492 4
1493 4
1494 4
1495 4
1496 4
1497 4
1498 4
1499 4
1500 4
1501 4
1502 4
1503 4
1504 4
1505 4
1506 4
1507 4
1508 4
1509 4
1510 4
1511 4
1512 4
1513 4
1514 4
1515 4
1516 4
1517 4
1518 4
1519 4
1520 4
1521 4
1522 4
1523 4
1524 4
1525 4
1526 0
1527 4
1528 4
1529 4
1530 2
1531 4
1532 4
1533 4
1534 4
1535 4
1536 4
1537 4
1538 4
1539 4
1540 4
1541 4
1542 4
1543 4
1544 0
1545 4
1546 4
1547 4
1548 4
1549 4
1550 4
1551 4
1552 4
1553 4
1554 4
1555 4
1556 4
1557 4
1558 4
1559 4
1560 4
1561 4
1562 4
1563 4
1564 4
1565 4
1566 4
1567 4
1568 4
1569 4
1570 4
1571 4
1572 4
1573 4
1574 4
1575 4
1576 4
1577 4
1578 4
1579 4
1580 4
1581 4
1582 4
1583 4
1584 4
1585 4
1586 4
1587 4
1588 4
1589 4
1590 4
1591 4
1592 4
1593 4
1594 4
1595 4
1596 4
1597 4
1598 4
1599 4
1600 4
1601 4
1602 4
1603 4
1604 4
1605 4
1606 4
1607 4
1608 4
1609 4
1610 4
1611 4
1612 4
1613 4
1614 4
1615 4
1616 2
1617 4
1618 4
1619 4
1620 4
1621 4
1622 4
1623 4
1624 4
1625 4
1626 4
1627 4
1628 4
1629 4
1630 4
1631 2
1632 4
1633 4
1634 4
1635 4
1636 4
1637 4
1638 4
1639 4
1640 4
1641 4
1642 4
1643 4
1644 4
1645 4
1646 4
1647 4
1648 4
1649 4
1650 4
1651 4
1652 4
1653 4
1654 4
1655 4
1656 4
1657 4
1658 4
1659 4
1660 4
1661 4
1662 4
1663 2
1664 4
1665 4
1666 4
1667 4
1668 4
1669 4
1670 4
1671 4
1672 4
1673 4
1674 4
1675 4
1676 4
1677 4
1678 4
1679 4
1680 4
1681 4
1682 4
1683 4
1684 4
1685 4
1686 4
1687 4
1688 4
1689 4
1690 4
1691 4
1692 4
1693 4
1694 4
1695 4
1696 4
1697 4
1698 4
1699 4
1700 4
1701 4
1702 4
1703 4
1704 4
1705 4
1706 1
1707 4
1708 4
1709 4
1710 4
1711 4
1712 4
1713 4
1714 4
1715 4
1716 4
1717 4
1718 4
1719 4
1720 4
1721 4
1722 4
1723 4
1724 4
1725 4
1726 4
1727 4
1728 4
1729 4
1730 4
1731 4
1732 4
1733 4
1734 4
1735 4
1736 4
1737 4
1738 4
1739 4
1740 4
1741 4
1742 4
1743 4
1744 4
1745 4
1746 4
1747 4
1748 4
1749 4
1750 4
1751 4
1752 4
1753 4
1754 4
1755 4
1756 4
1757 4
1758 4
1759 4
1760 4
1761 4
1762 4
1763 4
1764 4
1765 4
1766 4
1767 4
1768 4
1769 4
1770 4
1771 4
1772 4
1773 4
1774 4
1775 4
1776 4
1777 4
1778 4
1779 4
1780 4
1781 4
1782 4
1783 4
1784 2
1785 4
1786 4
1787 4
1788 4
1789 4
1790 4
1791 4
1792 4
1793 4
1794 4
1795 4
1796 4
1797 4
1798 4
1799 4
1800 4
1801 4
1802 4
1803 4
1804 4
1805 4
1806 4
1807 4
1808 4
1809 4
1810 4
1811 4
1812 4
1813 4
1814 4
1815 4
1816 4
1817 4
1818 4
1819 4
1820 4
1821 4
1822 4
1823 4
1824 4
1825 4
1826 4
1827 4
1828 4
1829 4
1830 4
1831 4
1832 4
1833 4
1834 4
1835 4
1836 4
1837 4
1838 4
1839 4
1840 4
1841 4
1842 4
1843 4
1844 4
1845 4
1846 4
1847 4
1848 4
1849 4
1850 4
1851 4
1852 4
1853 4
1854 4
1855 4
1856 4
1857 4
1858 4
1859 4
1860 4
1861 4
1862 4
1863 4
1864 4
1865 4
1866 4
1867 4
1868 4
1869 4
1870 4
1871 4
1872 4
1873 4
1874 4
1875 4
1876 4
1877 4
1878 4
1879 4
1880 4
1881 4
1882 4
1883 4
1884 4
1885 4
1886 4
1887 4
1888 4
1889 4
1890 4
1891 4
1892 4
1893 4
1894 4
1895 4
1896 4
1897 4
1898 4
1899 4
1900 4
1901 4
1902 4
1903 4
1904 4
1905 4
1906 4
1907 4
1908 1
1909 4
1910 4
1911 4
1912 4
1913 4
1914 4
1915 4
1916 4
1917 4
1918 4
1919 4
1920 4
1921 4
1922 4
1923 1
1924 4
1925 4
1926 4
1927 4
1928 4
1929 4
1930 4
1931 4
1932 4
1933 4
1934 4
1935 4
1936 4
1937 4
1938 4
1939 4
1940 4
1941 4
1942 4
1943 4
1944 4
1945 4
1946 4
1947 4
1948 4
1949 4
1950 4
1951 4
1952 4
1953 4
1954 4
1955 4
1956 4
1957 4
1958 4
1959 4
1960 2
1961 4
1962 4
1963 4
1964 4
1965 4
1966 4
1967 4
1968 2
1969 4
1970 4
1971 4
1972 4
1973 4
1974 4
1975 4
1976 4
1977 4
1978 4
1979 4
1980 4
1981 4
1982 4
1983 4
1984 4
1985 2
1986 4
1987 4
1988 4
1989 4
1990 4
1991 4
1992 4
1993 4
1994 4
1995 4
1996 4
1997 4
1998 4
1999 4
2000 4
2001 4
2002 4
2003 4
2004 4
2005 4
2006 4
2007 4
2008 4
2009 4
2010 4
2011 4
2012 4
2013 4
2014 4
2015 4
2016 4
2017 4
2018 4
2019 4
2020 4
2021 4
2022 4
2023 4
2024 4
2025 1
2026 4
2027 4
2028 4
2029 4
2030 4
2031 4
2032 4
2033 4
2034 4
2035 1
2036 4
2037 4
2038 4
2039 4
2040 4
2041 4
2042 4
2043 4
2044 4
2045 4
2046 4
2047 4
2048 4
2049 4
2050 4
2051 4
2052 4
2053 4
2054 4
2055 4
2056 4
2057 4
2058 4
2059 4
2060 4
2061 4
2062 4
2063 4
2064 4
2065 4
2066 4
2067 4
2068 4
2069 4
2070 4
2071 4
2072 4
2073 3
2074 4
2075 4
2076 4
2077 4
2078 4
2079 3
2080 4
2081 4
2082 3
2083 4
2084 3
2085 3
2086 3
2087 3
2088 3
2089 3
2090 3
2091 4
2092 3
2093 4
2094 3
2095 4
2096 3
2097 4
2098 4
2099 3
2100 3
2101 3
2102 3
2103 3
2104 3
2105 3
2106 3
2107 3
2108 3
2109 3
2110 3
2111 3
2112 4
2113 4
2114 3
2115 3
2116 3
2117 4
2118 3
2119 4
2120 4
2121 4
2122 4
2123 3
2124 4
2125 4
2126 3
2127 3
2128 3
2129 4
2130 3
2131 3
2132 3
2133 3
2134 3
2135 3
2136 3
2137 3
2138 3
2139 4
2140 4
2141 3
2142 3
2143 3
2144 3
2145 3
2146 3
2147 4
2148 3
2149 4
2150 3
2151 3
2152 3
2153 4
2154 3
2155 3
2156 3
2157 3
2158 3
2159 4
2160 4
2161 3
2162 4
2163 3
2164 3
2165 4
2166 4
2167 3
2168 3
2169 4
2170 3
2171 3
2172 3
2173 3
2174 3
2175 4
2176 3
2177 3
2178 4
2179 3
2180 3
2181 3
2182 3
2183 4
2184 3
2185 4
2186 3
2187 3
2188 4
2189 3
2190 3
2191 3
2192 4
2193 3
2194 4
2195 3
2196 4
2197 3
2198 3
2199 4
2200 3
2201 3
2202 3
2203 3
2204 4
2205 4
2206 3
2207 4
2208 3
2209 3
2210 3
2211 3
2212 3
2213 3
2214 4
2215 3
2216 3
2217 3
2218 4
2219 3
2220 3
2221 3
2222 4
2223 3
2224 4
2225 3
2226 4
2227 3
2228 4
2229 4
2230 3
2231 3
2232 4
2233 4
2234 3
2235 3
2236 3
2237 3
2238 3
2239 3
2240 3
2241 3
2242 3
2243 4
2244 4
2245 3
2246 3
2247 3
2248 4
2249 4
2250 3
2251 3
2252 4
2253 3
2254 4
2255 3
2256 3
2257 3
2258 4
2259 4
2260 3
2261 3
2262 3
2263 3
2264 3
2265 4
2266 4
2267 3
2268 4
2269 4
2270 3
2271 3
2272 4
2273 3
2274 4
2275 3
2276 4
2277 4
2278 4
2279 3
2280 3
2281 4
2282 3
2283 3
2284 4
2285 4
2286 3
2287 3
2288 3
2289 3
2290 3
2291 3
2292 3
2293 3
2294 4
2295 4
2296 3
2297 4
2298 3
2299 3
2300 4
2301 3
2302 3
2303 4
2304 4
2305 3
2306 3
2307 3
2308 3
2309 4
2310 3
2311 3
2312 4
2313 4
2314 4
2315 3
2316 3
2317 4
2318 4
2319 4
2320 3
2321 3
2322 4
2323 2
2324 3
2325 3
2326 3
2327 3
2328 3
2329 4
2330 4
2331 3
2332 3
2333 3
2334 4
2335 4
2336 3
2337 4
2338 4
2339 3
2340 3
2341 3
2342 3
2343 3
2344 3
2345 3
2346 3
2347 3
2348 3
2349 3
2350 3
2351 3
2352 4
2353 3
2354 4
2355 4
2356 4
2357 3
2358 4
2359 3
2360 3
2361 3
2362 3
2363 3
2364 4
2365 3
2366 3
2367 4
2368 4
2369 3
2370 4
2371 3
2372 4
2373 3
2374 3
2375 3
2376 3
2377 3
2378 3
2379 3
2380 4
2381 4
2382 4
2383 3
2384 3
2385 3
2386 3
2387 4
2388 3
2389 3
2390 3
2391 3
2392 3
2393 3
2394 4
2395 3
2396 3
2397 3
2398 4
2399 3
2400 3
2401 3
2402 3
2403 3
2404 3
2405 3
2406 3
2407 3
2408 3
2409 3
2410 3
2411 3
2412 4
2413 3
2414 3
2415 3
2416 3
2417 3
2418 3
2419 3
2420 3
2421 4
2422 3
2423 3
2424 3
2425 4
2426 3
2427 3
2428 3
2429 3
2430 3
2431 3
2432 3
2433 3
2434 3
2435 3
2436 3
2437 4
2438 3
2439 3
2440 3
2441 3
2442 4
2443 3
2444 3
2445 3
2446 3
2447 3
2448 3
2449 4
2450 4
2451 3
2452 3
2453 3
2454 3
2455 4
2456 4
2457 4
2458 4
2459 4
2460 4
2461 0
2462 3
2463 3
2464 3
2465 3
2466 3
2467 4
2468 3
2469 3
2470 3
2471 3
2472 3
2473 3
2474 3
2475 4
2476 4
2477 3
2478 3
2479 3
2480 3
2481 3
2482 3
2483 3
2484 3
2485 3
2486 3
2487 3
2488 4
2489 3
2490 3
2491 3
2492 4
2493 3
2494 3
2495 4
2496 3
2497 3
2498 3
2499 3
2500 3
2501 3
2502 3
2503 4
2504 3
2505 3
2506 3
2507 3
2508 4
2509 3
2510 3
2511 3
2512 3
2513 3
2514 4
2515 3
2516 3
2517 4
2518 3
2519 3
2520 3
2521 3
2522 3
2523 4
2524 4
2525 3
2526 3
2527 3
2528 0
2529 4
2530 3
2531 3
2532 3
2533 4
2534 3
2535 3
2536 3
2537 3
2538 3
2539 3
2540 4
2541 4
2542 3
2543 3
2544 4
2545 3
2546 4
2547 3
2548 3
2549 3
2550 3
2551 3
2552 4
2553 3
2554 3
2555 3
2556 3
2557 3
2558 3
2559 3
2560 3
2561 4
2562 3
2563 3
2564 3
2565 3
2566 3
2567 3
2568 3
2569 3
2570 3
2571 4
2572 3
2573 3
2574 4
2575 3
2576 3
2577 3
2578 4
2579 3
2580 3
2581 3
2582 3
2583 3
2584 3
2585 4
2586 3
2587 3
2588 3
2589 3
2590 3
2591 4
2592 3
2593 3
2594 3
2595 3
2596 3
2597 3
2598 3
2599 3
2600 3
2601 4
2602 3
2603 3
2604 4
2605 3
2606 4
2607 4
2608 3
2609 3
2610 3
2611 3
2612 3
2613 3
2614 4
2615 3
2616 3
2617 3
2618 4
2619 3
2620 3
2621 3
2622 4
2623 3
2624 3
2625 3
2626 3
2627 4
2628 4
2629 3
2630 4
2631 4
2632 3
2633 3
2634 3
2635 3
2636 4
2637 4
2638 3
2639 4
2640 3
2641 3
2642 3
2643 3
2644 3
2645 4
2646 3
2647 3
2648 3
2649 3
2650 3
2651 3
2652 3
2653 4
2654 3
2655 3
2656 3
2657 3
2658 3
2659 3
2660 3
2661 4
2662 3
2663 4
2664 3
2665 3
2666 4
2667 3
2668 3
2669 3
2670 3
2671 3
2672 4
2673 3
2674 4
2675 3
2676 3
2677 3
2678 3
2679 3
2680 3
2681 3
2682 3
2683 3
2684 3
2685 4
2686 3
2687 3
2688 3
2689 3
2690 4
2691 4
2692 3
2693 3
2694 3
2695 3
2696 3
2697 3
2698 3
2699 3
2700 3
2701 4
2702 3
2703 4
2704 3
2705 4
2706 3
2707 4
2708 4
2709 3
2710 3
2711 4
2712 3
2713 4
2714 3
2715 3
2716 3
2717 3
2718 3
2719 3
2720 4
2721 3
2722 3
2723 3
2724 4
2725 3
2726 4
2727 4
2728 4
2729 4
2730 4
2731 4
2732 4
2733 4
2734 4
2735 4
2736 4
2737 4
2738 4
2739 4
2740 4
2741 4
2742 4
2743 4
2744 4
2745 4
2746 4
2747 4
2748 4
2749 4
2750 4
2751 4
2752 4
2753 4
2754 4
2755 4
2756 4
2757 4
2758 4
2759 4
2760 4
2761 4
2762 4
2763 4
2764 4
2765 4
2766 4
2767 4
2768 4
2769 4
2770 4
2771 4
2772 4
2773 4
2774 4
2775 4
2776 4
2777 4
2778 4
2779 4
2780 4
2781 4
2782 4
2783 4
2784 4
2785 4
2786 4
2787 4
2788 4
2789 4
2790 4
2791 4
2792 4
2793 4
2794 4
2795 4
2796 4
2797 4
2798 4
2799 4
2800 4
2801 4
2802 4
2803 4
2804 4
2805 4
2806 4
2807 4
2808 4
2809 4
2810 4
2811 4
2812 4
2813 4
